01923
08496
02186
00283
07907
01933
03582
02344
03579
02241
03096
02027
03046
05528
06242
02650
04276
04801
05095
00598
06983
08662
08871
00947
07158
08383
04763
05951
05524
00915
06910
08320
03183
05512
03344
06890
03640
05629
00558
04204
00417
07049
02745
07080
01044
00977
08763
05877
03897
07236
00099
03944
01092
04034
07621
07993
05025
08610
07311
05005
00648
05117
03919
07863
06832
07377
08780
08645
04581
06439
00895
07571
05132
03369
07794
03064
04464
07580
05341
08218
06212
01508
01793
03651
05156
08713
04679
05797
03440
04004
03254
05434
04058
02695
00699
03005
07291
06879
07850
08865
02514
04071
07239
04509
03323
07003
08609
03595
04085
08595
03362
04101
07324
01549
03221
06894
02481
04589
04678
01494
03121
01131
06655
04084
07232
08356
03882
04474
04914
06170
05508
05584
07248
00852
03676
03995
01003
07558
05568
05380
06984
07034
04667
01163
06177
03411
04467
05007
01748
05592
00241
03896
04566
08042
05500
06991
08134
03057
04574
07681
06165
00658
04376
08432
04302
07915
01973
01349
03928
04478
02619
05390
06083
00835
08326
08538
00524
07002
00309
04357
00288
05144
03211
01799
08374
08858
03128
02176
03332
05754
08605
03713
00927
04132
07060
08226
00311
02197
00691
05143
04003
08991
07821
02041
08503
06406
07943
03199
02240
08983
03300
02370
06344
03834
05567
02220
08238
01500
02108
04604
02093
02360
03139
04877
06018
06824
00576
01399
06318
06622
08120
08140
01818
08461
01257
02825
03289
03049
05939
08632
01970
08628
00332
02943
03535
03748
05440
01325
04852
08240
06103
00501
04684
05292
07656
08229
06749
00275
03138
00980
02490
01432
00017
04595
06361
00484
02677
00322
06538
01572
03217
06028
04895
00579
01673
04336
05361
04191
02540
06444
02484
03193
06465
01634
06405
00875
00346
02172
00824
03926
04502
06023
06615
07129
01403
02572
00347
00737
07552
01912
07414
05743
01081
06379
02252
06751
04702
02528
04700
00776
06747
06742
04884
08987
05420
04892
00327
01421
06718
07371
00154
08529
01614
02888
06210
01212
08891
06299
07877
05235
06257
02119
08510
04724
06805
03915
01824
06680
08568
01263
00439
02011
06440
02843
00376
02877
04182
06238
08995
04660
05636
00124
03823
00399
04838
08908
04716
03110
04706
08262
08305
07581
00284
06858
01694
06806
03599
06217
05982
05874
05169
07053
02569
07500
03548
06416
03894
02592
02634
00747
06434
03865
02733
06624
01867
03867
05799
06656
03253
04151
01332
03641
06481
01810
01472
06239
03207
03319
07623
05094
00446
01074
00570
00152
02313
07644
03191
01417
07550
05284
08081
03504
00007
01328
07429
00965
02596
00974
03907
00053
06869
06421
05646
03749
02712
07796
00492
08274
05983
06973
08471
06782
06591
01765
07086
04000
01663
01244
07004
02110
08909
05850
06249
01204
02894
03992
04473
08894
01073
01647
03507
08652
03496
03015
05283
06536
07462
06391
04452
02606
02472
04190
04831
00453
07317
07270
05129
06842
08063
05444
00220
02880
01707
03294
04068
05164
02369
05327
02682
03066
01107
03764
08924
03580
07575
06399
04865
08581
07779
03657
04726
04542
01347
06763
00473
08150
08737
04066
06190
04766
04275
08039
07446
02312
05404
04082
00803
00276
08381
06201
02098
08872
08625
08272
02076
06856
08420
02598
07183
01179
06487
05318
07400
08929
05612
01517
08978
03778
02560
02116
01386
01287
08718
01736
05314
05981
02697
03435
00335
06452
06595
03449
05992
01461
02721
01456
06046
08431
02616
07887
08469
08014
03202
00253
04885
00052
03940
03674
06532
08525
05989
06661
04705
03885
02623
03166
03529
01398
04897
05651
06166
08665
04524
05070
03620
01520
06408
02156
06122
08905
05056
07990
03299
02293
06545
03012
06583
00343
08935
06629
08324
04342
03956
07279
08015
02217
06787
07759
04929
06800
02021
02912
02287
06570
06818
06435
01924
07569
05357
07841
03607
04118
02951
05815
06329
06336
04755
06940
02428
04737
04526
00616
02593
00859
03537
03951
00969
06323
02422
08700
02578
01218
08838
01411
04455
00246
02939
02315
04024
06784
01258
01470
04803
05145
00041
08051
00865
08563
08982
04769
07330
06926
00995
05858
07553
01842
02028
04622
03445
06200
03104
08932
04873
06502
01430
04818
06095
08386
00752
02060
08506
06360
00029
00781
05925
00192
05791
04768
02054
03018
02567
08339
01693
01193
07044
06682
03660
02043
01220
06569
01290
04014
06541
08961
06058
01711
01298
00128
00617
04295
05753
07830
08947
00647
08276
00459
03804
04572
00264
04159
02277
01769
05397
00102
06366
06251
07994
02372
05340
08831
01106
07273
05020
03796
08352
05450
08649
04661
07256
00289
08843
03490
00087
05838
08580
01625
04212
02730
04229
03782
06387
00169
08475
08637
06478
04064
03112
04345
07721
03182
06506
06437
03145
02810
02111
05179
02311
06921
08163
04863
06342
06397
06445
06715
06430
05776
06106
06462
00021
02781
08448
00025
01809
00085
07936
04177
03379
05505
04236
07189
02055
07711
02637
02773
06684
08741
01879
04303
03098
03955
04314
02113
03976
05771
08861
03870
00690
01519
02807
08307
03377
06340
05578
01246
00650
00444
06654
06428
03801
06544
03037
00122
01333
03172
01122
05289
05645
06306
08113
06346
02417
02384
02611
07466
08874
01830
05059
06988
06269
01996
08727
08776
02794
06482
06339
00039
08938
04980
01042
01584
05279
06957
04555
03195
02767
03333
06603
01589
00749
05096
06938
03797
08656
01206
07695
04773
03441
00383
08295
08411
05165
04226
05061
03241
06407
00633
06113
07302
04008
07685
03893
06496
00215
07346
07246
08951
03142
03687
07536
03872
01010
07374
02882
01689
06142
04242
00758
05277
00108
07313
05210
07114
05804
04808
03196
05502
06612
00720
05611
02571
05077
05322
01100
01676
00224
07308
02562
03757
08572
02864
07914
06384
04699
06179
03302
01147
01838
05264
04999
08533
00096
00945
00533
03036
00035
08869
07130
08897
08931
08169
00333
04695
06771
01191
08451
06676
00084
05934
02246
04143
08980
03538
00400
08899
03952
02095
00088
08194
06961
04641
07751
01630
08270
03365
03375
03401
06227
07814
03133
02685
08594
06158
04827
05212
01991
08230
02866
06833
01443
05650
02855
01350
03190
02286
07619
02681
01277
06454
03477
00649
01324
04626
08746
05962
06319
00797
07069
02793
01849
03785
01841
02291
08094
06497
08953
08175
08053
06884
00471
07748
07321
00214
04339
02965
08293
04688
03884
06005
05599
08095
08683
06026
08936
06604
08490
04729
08768
06741
02386
01860
00701
07078
07071
01917
05182
00625
02136
06420
00849
05879
02070
07822
05937
00772
02709
01803
02385
08588
03065
03017
07303
00050
02267
08681
00820
02840
06252
01104
04868
02420
06156
04243
08327
08955
01505
06418
08146
05941
00268
00441
05956
05281
07428
08258
04346
06197
00730
00871
03087
03016
05884
08781
01814
05386
08785
08699
08105
05372
00159
08682
06853
07185
01145
05748
06315
07930
04985
06770
07844
04453
00149
01536
04094
01679
01412
08827
07889
00848
04144
00908
01866
02274
04232
06748
03973
02839
06969
05585
03478
03436
08439
03874
04290
07057
04534
05232
08362
07661
06789
02964
03035
08707
00511
02791
06029
01219
01734
05352
00046
08319
06302
02215
00161
00481
04490
07260
02458
01559
02577
00997
03718
06293
00686
01392
06891
06753
03132
06178
04439
07631
06870
05694
04114
03712
03314
03371
07956
04854
04665
08301
02503
08771
05017
03188
05299
02998
07755
03863
03828
02325
02431
01376
05514
08344
04356
00748
01889
07754
02259
04795
06098
00924
02046
02582
07231
04992
06124
01379
04826
07736
02862
08778
08634
01894
04192
02362
00452
07139
01484
03009
02471
01915
06280
06168
08875
07984
02631
08626
01960
01950
02499
07627
00001
01878
00210
07435
04813
03311
05163
00177
01215
02022
04866
04175
02789
07160
00269
07389
05138
08465
08275
04548
01982
06312
01125
08836
05316
03760
04635
02019
08684
05534
08115
03327
01055
02005
03554
00683
07763
05401
02680
01114
03847
06076
03761
08123
00787
07073
00129
08501
03187
06457
07629
06175
08576
03484
05631
02927
00139
04655
05195
04562
04134
05044
00698
01487
00442
00696
00235
08904
02328
05610
07827
02423
04122
04028
07883
04492
02997
03476
02900
02169
02772
04221
04246
03439
06816
04207
01595
08751
02497
08832
06633
04042
00832
00401
07100
04469
08023
08209
03875
02247
08433
02599
05287
01859
00364
01498
02238
04079
05488
07473
03219
07599
02412
06102
02691
02785
02542
07968
07620
02971
05696
00678
03592
03354
01965
02185
08438
06424
01847
03665
01020
06708
08143
03830
02686
00057
00244
03970
03382
08930
00467
03841
04322
08801
02303
00337
07548
07041
01558
08041
04072
08918
04373
00962
07113
05040
08323
08052
03583
06118
06143
02655
05431
06308
08288
07684
00959
01906
05245
03451
00562
01451
03113
03107
07691
01942
03656
05080
05700
08224
01681
05726
00461
04425
07613
06992
07724
01856
05653
01871
04487
01172
03513
06286
07036
01170
02265
03630
02774
04620
01658
08766
08670
04513
03741
00222
01591
02705
05184
02625
03655
07215
07434
07156
08408
00162
06343
06873
02617
00862
08988
06843
06216
03732
02861
07508
01462
02034
06074
02128
00165
07376
02213
04098
00629
05428
02154
07799
06847
08467
01374
06148
02341
07811
08769
05736
07868
02467
02845
07789
05162
03356
07847
08481
08803
07778
00083
07031
01890
05793
06700
08337
05917
08537
05229
00994
04617
08570
01223
07563
07450
07564
07289
06867
08464
07364
04851
01079
03556
01199
00428
07310
03791
08378
06936
02180
02996
02432
01164
03754
02050
03039
01828
00026
07872
04596
04986
04546
06223
00115
03443
07055
05816
03740
05613
01800
02329
01692
05556
03625
02174
06575
07951
08299
02445
03255
03697
03958
05365
05847
00201
01447
00560
00075
01646
04776
03692
06993
03575
01127
01255
08773
04528
06069
08321
08162
06144
00202
01356
02948
06617
04110
07177
05018
03189
02401
05433
05034
03675
08121
00602
04286
01790
03733
05722
05522
00736
01434
00278
03634
08110
07059
08574
04030
01159
06022
05118
07267
07701
02770
07046
04384
01862
01422
04656
04421
00861
05635
03667
00522
02559
04904
00718
07016
05527
05517
08075
05477
07971
07753
05608
03918
03903
03616
06048
06670
00117
00671
07527
02808
03787
05705
03097
00872
02629
04334
01033
05053
08527
03210
04694
07456
04387
02163
05482
03364
00693
06213
07574
08762
01834
06568
07750
06051
07497
03352
03920
00815
03774
05130
03420
04947
04606
07869
00779
07803
03977
01596
05947
03317
00127
05363
06596
02239
01364
03086
07458
04279
08565
01037
04516
06658
07632
02561
03822
02541
06616
05057
01216
03080
06307
05820
04442
07683
06031
06576
05468
04484
06279
00300
00259
07538
00645
08399
05922
06808
01654
04281
07074
06215
05609
08667
07284
02194
05596
07148
06425
03815
07030
05622
04511
02741
03223
01124
07648
06744
06274
02666
04950
08876
00404
03965
08624
06180
03001
04786
01227
04541
00230
00715
07384
03543
07154
06651
05194
04397
04804
05243
05220
06653
08523
07741
01530
05930
00499
05796
03603
04495
08530
07597
07677
02167
04074
01951
07703
04234
03989
06679
04508
02434
04337
06221
04558
00371
03272
00328
02525
04899
06759
07496
05887
01433
07878
06677
07952
00956
08446
02300
00608
02812
05470
00205
08342
04811
04861
05359
01702
00385
00375
01493
04113
04970
06086
08154
01637
06036
01975
04011
08511
06812
02132
01264
04951
00036
07387
04878
06605
07998
04287
05415
01657
03398
06332
06769
04406
07134
03227
01885
05590
04296
00613
02115
08695
06620
07254
07417
02743
00543
00764
08926
05972
06695
01644
06872
02024
05697
05459
00319
07606
00455
07015
07442
07503
01467
00440
07072
06552
01387
08076
07932
07935
07797
03914
07096
07354
00970
06042
08104
01346
05215
00673
07110
00074
05078
04536
07650
04543
04681
07898
07339
06556
07037
02224
07025
01453
04138
04912
04285
07712
03682
01698
07922
03966
00987
00652
06564
01337
05978
06724
08079
07942
03700
05725
04905
05664
02991
04423
01593
04355
01674
04671
05458
03467
05813
05497
08848
02124
00893
08917
00054
04201
04222
03578
06844
04650
08468
00778
01653
08820
07169
04682
04961
01320
00295
01085
03041
00868
03347
07893
00521
07176
07483
00860
07035
05916
04061
01770
03494
04018
07288
01521
04883
03331
08003
05668
04988
01805
03848
03342
01817
00663
08336
06663
00421
06913
05422
02461
04324
06002
02404
08300
01977
06205
02595
00674
02865
03115
07403
01429
04269
05120
02449
08341
07718
08732
00352
00884
08971
03372
04405
05708
08502
03428
06045
03708
05883
05769
05435
06220
01825
04741
04532
05985
04180
08441
06827
08424
07385
02468
03460
03948
04963
04289
08661
06597
00605
03621
04946